0 0.390468 0.729585 0.304308 0.319478
0 0.133089 0.316218 0.104858 0.097799
0 0.137855 0.811084 0.112923 0.080848
0 0.141888 0.709372 0.116590 0.091280
0 0.132722 0.213855 0.096792 0.096495
0 0.135289 0.515077 0.101925 0.091279
0 0.137488 0.416626 0.106324 0.095191
0 0.136022 0.616137 0.100458 0.074327
0 0.297709 0.223635 0.114390 0.089975
0 0.302108 0.521597 0.120257 0.088671
0 0.303208 0.320782 0.122456 0.091280
0 0.303208 0.419234 0.118057 0.089975
0 0.468561 0.222983 0.117323 0.093887
0 0.475527 0.524205 0.125390 0.083455
0 0.471861 0.321435 0.116590 0.089975
0 0.473327 0.427058 0.119523 0.079543
0 0.649313 0.719153 0.126856 0.082151
0 0.644546 0.526161 0.115857 0.084759
0 0.648212 0.820212 0.123190 0.078239
0 0.649679 0.427710 0.126123 0.078240
0 0.651146 0.232111 0.129056 0.088672
0 0.652246 0.623309 0.131256 0.080847
0 0.650412 0.329258 0.124657 0.087367
