0 0.240500 0.776865 0.182000 0.295440
0 0.134000 0.906787 0.154000 0.081869
0 0.179750 0.661180 0.156500 0.302560
0 0.359500 0.913906 0.156000 0.067631
0 0.339250 0.504561 0.110500 0.215351
0 0.388250 0.573972 0.116500 0.266964
0 0.491250 0.657175 0.154500 0.315907
0 0.458000 0.366185 0.074000 0.168188
0 0.484250 0.418688 0.091500 0.196663
0 0.541000 0.509901 0.107000 0.218910
0 0.520250 0.286541 0.060500 0.119244
0 0.558500 0.312347 0.082000 0.147720
0 0.566250 0.212681 0.052500 0.087209
0 0.600500 0.373304 0.086000 0.182426
0 0.597000 0.187765 0.044000 0.071190
0 0.607250 0.254061 0.050500 0.100557
0 0.636250 0.270079 0.055500 0.111235
0 0.639750 0.197998 0.058500 0.054282
0 0.632500 0.157064 0.041000 0.056062
0 0.671750 0.230034 0.066500 0.086319
0 0.690000 0.158844 0.036000 0.056062
