0 0.179250 0.532476 0.129500 0.169929
0 0.329250 0.410145 0.052500 0.096086
0 0.401750 0.754007 0.182500 0.394130
0 0.339500 0.484877 0.044000 0.071175
0 0.335000 0.445731 0.033000 0.044485
0 0.327250 0.299824 0.015500 0.024911
0 0.365750 0.310055 0.018500 0.027580
0 0.372000 0.425713 0.031000 0.040036
0 0.462250 0.312724 0.022500 0.036476
0 0.502000 0.401248 0.029000 0.071175
0 0.498000 0.335856 0.018000 0.040035
0 0.528750 0.463081 0.053500 0.132563
0 0.516250 0.337635 0.024500 0.036476
0 0.528750 0.363881 0.032500 0.065837
0 0.585500 0.377226 0.032000 0.049822
0 0.611250 0.388792 0.039500 0.072955
