0 0.049750 0.288000 0.099500 0.222223
0 0.065250 0.654667 0.130500 0.315556
0 0.111250 0.539556 0.143500 0.167111
0 0.126250 0.264000 0.113500 0.225777
0 0.177000 0.621778 0.186000 0.184000
0 0.206750 0.670222 0.171500 0.163555
0 0.231500 0.729778 0.182000 0.165333
0 0.198500 0.252000 0.114000 0.201777
0 0.276000 0.789778 0.190000 0.152000
0 0.277000 0.250222 0.105000 0.205333
0 0.433500 0.306667 0.156000 0.167110
0 0.461500 0.350667 0.162000 0.196444
0 0.490000 0.399111 0.151000 0.172445
0 0.513500 0.460889 0.157000 0.175111
0 0.564250 0.542667 0.159500 0.136000
0 0.591250 0.600444 0.167500 0.155555
0 0.631500 0.988889 0.244000 0.132445
0 0.650000 1.038222 0.248000 0.055111
0 0.648000 0.926222 0.236000 0.168889
0 0.659750 0.854667 0.230500 0.143110
0 0.665500 0.796000 0.227000 0.169777
