0 0.570500 0.783479 0.394000 0.311258
0 0.023500 0.616290 0.047000 0.165411
0 0.038750 0.119612 0.077500 0.153850
0 0.054250 0.402856 0.108500 0.231220
0 0.175250 0.692326 0.350500 0.185865
0 0.225000 0.825277 0.450000 0.236555
0 0.085750 0.041797 0.098500 0.071145
0 0.144000 0.468665 0.206000 0.172526
0 0.179250 0.574493 0.227500 0.184976
0 0.191000 0.038685 0.093000 0.077370
0 0.371500 0.529583 0.132000 0.189423
0 0.418500 0.078259 0.171000 0.151182
0 0.453000 0.441986 0.168000 0.145847
0 0.550750 0.660311 0.267500 0.232109
0 0.638250 0.505571 0.182500 0.180530
0 0.679250 0.136953 0.178500 0.172526
0 0.735750 0.240558 0.127500 0.257010
0 0.744500 0.306366 0.110000 0.096934
0 0.758500 0.691881 0.082000 0.298807
0 0.765000 0.404190 0.069000 0.112942
