0 0.200391 0.193056 0.389844 0.363889
0 0.044531 0.563194 0.089062 0.143056
0 0.071094 0.613889 0.142187 0.205556
0 0.087109 0.743055 0.174218 0.400000
0 0.109375 0.816666 0.157813 0.252778
0 0.063672 0.427083 0.024219 0.037500
0 0.070312 0.474305 0.037500 0.040278
0 0.138281 0.572222 0.129687 0.133334
0 0.119922 0.423611 0.036719 0.041666
0 0.177734 0.497222 0.075781 0.077778
0 0.179688 0.865278 0.079687 0.155555
0 0.210156 0.620833 0.121875 0.208333
0 0.237109 0.863889 0.067969 0.158333
0 0.230469 0.477778 0.050000 0.063889
0 0.268750 0.497917 0.056250 0.112500
0 0.301563 0.661111 0.115625 0.286112
0 0.317188 0.829861 0.134375 0.226388
0 0.290625 0.433333 0.051562 0.041666
0 0.351172 0.269444 0.163282 0.133333
0 0.299609 0.507639 0.057031 0.101388
0 0.328906 0.465972 0.031250 0.073611
0 0.360547 0.527778 0.058594 0.141667
0 0.353906 0.438195 0.029688 0.070833
0 0.376562 0.652778 0.064062 0.158333
0 0.439062 0.809028 0.095312 0.268055
0 0.426562 0.556250 0.039062 0.179167
0 0.444140 0.627778 0.060156 0.177778
0 0.535156 0.243056 0.204687 0.191667
0 0.481641 0.564583 0.055469 0.170833
0 0.493750 0.483334 0.039063 0.094444
0 0.551953 0.829167 0.091406 0.227777
0 0.605078 0.570139 0.111719 0.195833
0 0.574219 0.448611 0.037500 0.075000
0 0.592578 0.378472 0.036719 0.045833
0 0.651563 0.794444 0.137500 0.291666
0 0.624218 0.454861 0.050000 0.068056
0 0.683203 0.588194 0.136718 0.220834
0 0.683984 0.453472 0.075782 0.065278
0 0.710156 0.532639 0.125000 0.154166
0 0.723437 0.789583 0.151562 0.281944
0 0.704297 0.293750 0.060157 0.084722
0 0.734766 0.381250 0.024219 0.037499
0 0.762500 0.550000 0.073437 0.158333
0 0.750782 0.293055 0.035938 0.052777
0 0.785937 0.484722 0.026562 0.038889
